1.124
0.501
0.08
0.246
0.801
0.2
2.355
0.499
0.106
0.44
0.302
0.199
0.156
0.046
0.11
0.338
0.099
0.063
0.688
0.307
0.341
1.396
0.017
0.087
0.38
0.026
0.257
0.184
0.21
0.089
0.113
0.295
0.112
0.39
0.56
0.643
0.088
0.028
0.076
0.353
0.043
0.531
0.928
0.145
0.211
0.485
0.269
0.48
0.055
0.106
0.499
0.104
0.253
0.047
0.143
0.022
0.0
0.286
0.067
0.184
0.289
0.057
0.049
0.952
0.199
0.442
0.016
0.244
0.486
0.018
0.094
0.906
0.0
0.594
0.412
0.343
0.001
0.044
0.358
0.493
0.083
1.293
1.635
0.591
0.652
0.983
0.265
0.736
0.063
0.157
0.042
0.56
0.694
0.248
1.292
0.171
0.022
0.062
0.203
0.044
0.001
0.247
0.206
0.715
0.082
0.168
0.349
0.197
2.036
0.448
0.857
0.405
0.458
0.024
0.767
1.06
3.207
0.025
1.67
0.001
0.584
0.208
0.68
0.305
0.013
0.541
0.209
0.233
0.749
0.746
0.521
0.013
0.423
0.155
0.171
0.252
1.237
2.001
0.0
0.046
0.186
0.0
0.515
0.013
0.239
0.734
0.016
0.483
0.162
0.37
0.878
0.499
0.84
1.782
0.252
0.217
0.249
0.16
0.042
0.056
2.276
0.372
0.504
0.911
0.52
0.22
1.3
0.194
0.045
0.06
1.037
0.305
0.048
0.176
0.303
0.237
0.805
0.156
0.743
0.046
0.212
0.04
0.015
0.194
0.252
0.095
0.007
0.186
0.017
0.482
0.84
0.159
0.211
0.433
0.609
0.501
0.317
0.18
0.268
0.125
0.109
0.436
0.02
0.245
0.255
0.294
0.453
0.118
0.42
0.447
0.06
0.049
0.39
1.5
0.063
0.21
0.124
0.106
0.011
0.798
0.202
0.289
0.338
0.112
0.307
0.828
1.017
0.241
1.616
0.507
0.242
0.794
0.493
0.66
0.053
0.233
0.266
1.252
0.261
0.0
0.036
0.497
0.069
0.924
0.214
0.987
0.011
0.095
0.02
0.451
1.067
0.849
0.056
0.159
0.348
0.498
0.19
0.066
0.147
1.043
0.05
0.249
0.32
1.15
0.284
0.151
0.088
0.41
0.25
0.248
1.362
0.054
0.192
0.144
0.357
0.141
0.166
0.084
1.256
0.247
1.748
1.044
0.814
0.396
0.745
0.049
0.456
0.047
0.07
0.048
0.176
1.75
0.335
0.07
1.09
0.0
0.382
0.197
0.577
0.309
0.444
0.0
0.509
0.413
0.203
1.196
0.045
0.487
0.013
0.562
1.425
1.41
1.245
1.107
2.554
0.187
0.813
0.248
0.506
1.743
0.25
0.011
0.58
0.096
0.592
0.161
0.562
0.262
0.08
0.095
0.82
0.083
0.161
0.512
0.245
0.499
0.253
0.695
0.134
0.75
0.346
0.154
0.251
0.249
0.355
0.084
0.165
0.544
0.069
0.498
0.683
0.04
0.25
0.165
0.014
0.069
0.211
0.742
0.215
0.085
0.417
0.083
0.16
0.154
0.352
0.082
1.21
0.033
0.241
0.451
0.233
0.398
0.182
0.183
0.043
0.153
0.585
0.037
0.42
0.609
0.223
0.0
0.159
0.079
0.537
0.591
0.147
0.395
0.368
0.133
0.074
0.228
0.32
0.029
0.067
0.0
0.0
0.033
0.117
0.997
0.214
0.762
0.255
0.521
0.696
0.178
0.127
0.185
0.27
0.261
0.01
0.468
0.191
0.437
0.115
0.664
0.375
0.251
0.239
0.25
0.282
0.216
0.004
0.745
0.41
0.123
0.156
0.326
1.147
1.401
0.127
0.17
0.03
0.093
0.188
0.06
0.16
0.039
0.504
0.184
0.053
0.014
0.0
0.205
0.294
0.064
0.256
0.181
0.435
0.487
0.329
0.991
0.01
0.066
0.014
0.016
0.532
0.188
0.168
0.259
0.103
0.886
0.348
0.202
2.418
0.082
0.167
0.035
0.55
0.57
0.097
1.366
0.135
0.0
0.183
0.539
1.565
0.643
1.048
0.49
1.05
0.412
0.109
0.142
0.163
1.131
0.327
0.221
0.407
0.045
0.208
0.68
0.676
0.186
0.249
0.603
1.709
0.295
0.765
1.522
1.871
0.125
0.922
0.14
1.065
0.158
0.373
0.654
0.254
0.435
0.316
1.409
1.086
0.352
0.335
1.157
1.467
0.44
1.505
2.44
0.316
0.143
0.593
0.607
0.302
0.184
1.156
0.345
0.981
2.431
2.704
6.253
0.353
1.097
0.633
1.75
0.653
0.244
0.226
1.006
0.374
1.637
0.25
1.035
1.685
1.279
1.008
2.464
0.01
1.343
2.311
0.035
0.156
0.784
1.999
0.077
0.226
0.765
0.795
0.791
0.208
0.778
0.326
0.895
0.916
0.787
0.046
0.493
0.261
0.46
0.247
0.04
0.202
0.24
0.051
0.01
1.741
0.535
0.713
0.0
1.449
0.001
1.251
1.454
0.056
0.258
0.282
0.504
0.944
0.0
0.055
0.195
3.502
0.301
0.503
1.208
0.0
1.001
0.358
0.288
0.427
3.416
0.715
0.043
0.016
0.231
1.509
0.489
0.246
0.0
0.405
0.609
0.452
0.0
0.751
0.05
0.198
0.059
0.943
0.746
0.157
0.737
0.359
0.034
0.999
0.049
0.269
0.023
0.247
0.76
0.001
0.351
0.399
1.115
0.594
1.195
0.25
2.566
0.279
2.253
0.612
1.091
0.296
0.247
0.503
0.708
0.248
0.41
0.095
0.541
0.254
0.486
0.06
0.407
0.457
0.235
0.212
1.632
0.656
0.101
0.251
1.114
0.483
0.123
0.028
0.116
0.629
0.008
1.647
0.322
0.276
0.903
0.198
0.391
0.756
0.008
0.493
0.0
0.103
0.55
0.199
0.899
0.152
1.001
1.339
0.5
1.622
0.0
0.754
0.0
1.11
0.826
0.718
1.328
0.925
0.733
0.607
0.869
0.505
0.012
1.0
1.0
0.274
1.464
0.767
0.597
0.647
1.099
0.606
0.284
0.91
1.59
0.714
0.547
0.452
0.295
0.24
1.251
0.498
0.235
1.017
2.178
2.573
0.418
2.5
0.549
0.534
0.247
0.0
0.013
1.453
1.411
1.087
0.782
0.967
0.05
0.348
0.101
2.019
1.897
0.441
0.187
0.608
0.495
0.501
0.001
2.001
0.351
0.46
0.188
0.502
0.022
0.226
1.252
0.625
1.077
0.209
0.468
0.732
0.637
1.365
0.383
0.006
0.806
1.051
0.053
0.698
0.386
0.004
0.309
0.811
0.13
0.251
0.298
1.451
0.173
1.075
0.126
0.453
1.874
0.91
0.26
1.625
0.216
1.145
1.389
0.141
0.109
1.08
0.17
1.33
0.316
0.878
0.333
0.0
2.143
0.283
1.323
0.001
0.521
1.632
1.745
0.109
0.346
2.394
0.047
1.354
0.598
1.005
0.807
0.145
0.562
0.095
0.393
0.497
0.851
3.903
0.201
0.794
0.947
0.053
0.148
0.657
1.5
3.545
0.501
0.206
0.107
0.187
0.25
0.954
1.091
0.051
0.001
3.593
0.658
0.262
0.085
0.912
0.069
0.18
1.1
0.09
0.064
0.206
2.39
1.14
0.404
0.547
0.702
0.681
1.432
0.001
0.846
0.116
1.772
0.515
0.498
0.987
1.515
0.752
0.07
0.425
0.793
0.953
2.317
0.001
0.954
0.72
0.322
0.261
0.729
0.172
0.088
0.406
0.58
0.157
0.044
2.957
2.034
0.998
1.853
0.009
4.342
0.872
0.459
0.055
4.94
0.423
0.157
0.903
3.762
0.051
0.934
0.191
0.324
0.298
0.258
0.072
0.171
0.5
0.957
0.718
0.354
0.55
0.504
0.169
0.38
0.145
0.151
0.016
0.588
0.219
0.127
0.577
0.084
1.415
0.174
0.295
0.077
0.502
0.078
0.451
0.224
0.418
0.075
