1.39
0.781
1.606
0.411
0.077
0.008
1.165
5.159
1.356
0.817
1.686
0.208
1.043
8.262
0.39
0.892
0.513
1.694
0.334
0.106
0.158
0.948
0.259
0.012
0.728
0.142
0.618
0.632
2.022
0.933
3.393
0.557
2.402
0.589
0.18
0.054
0.442
0.484
0.073
1.283
0.237
1.913
0.701
1.001
3.509
0.604
0.495
0.739
1.314
0.846
0.1
0.004
1.768
2.119
4.036
0.588
0.159
0.226
1.242
0.287
0.495
0.1
0.999
0.205
1.163
0.53
0.508
0.659
0.598
0.746
0.256
2.705
0.0
0.794
0.59
2.598
1.253
0.622
0.026
1.6
0.114
1.933
0.753
2.0
0.408
0.098
2.322
0.671
0.035
0.268
3.224
1.224
2.466
1.488
0.022
0.183
0.848
0.031
0.913
2.576
2.281
0.272
0.517
0.109
0.312
0.199
1.778
1.378
0.354
3.869
1.719
0.347
0.947
3.643
1.025
1.237
3.937
1.561
5.753
0.791
2.514
2.209
0.847
0.681
0.646
1.066
1.045
1.034
2.983
2.529
1.764
1.378
2.657
0.219
3.872
0.259
1.0
0.052
0.465
0.493
3.544
0.661
1.077
0.103
0.312
0.112
0.18
4.561
0.632
0.178
0.027
0.57
0.096
2.206
1.724
2.698
0.027
0.352
1.422
0.595
0.067
5.251
2.784
0.518
1.437
0.156
2.279
1.075
3.614
0.848
1.427
1.212
0.588
2.912
0.764
0.718
0.083
0.047
1.352
1.036
0.244
2.093
1.177
0.31
1.363
1.078
0.582
0.67
0.063
0.656
0.849
1.478
0.731
1.945
0.108
3.093
0.144
0.871
1.946
1.599
0.052
0.989
0.971
0.733
1.367
0.633
3.064
0.632
0.896
1.16
3.988
0.84
4.482
1.126
0.131
5.488
2.138
0.047
1.276
0.136
0.399
1.3
0.147
0.744
0.259
0.339
2.104
0.806
1.719
0.863
0.818
0.16
0.021
0.692
3.064
2.169
0.055
2.192
2.364
0.714
0.625
1.233
0.267
0.042
0.751
0.244
0.649
0.301
0.052
1.008
1.651
3.347
0.078
0.412
3.452
2.272
2.498
0.275
0.818
1.011
0.287
1.964
0.492
0.266
0.007
0.236
2.17
0.306
1.354
2.354
0.437
0.15
0.152
0.15
0.606
0.247
0.271
0.729
0.3
0.45
2.247
0.846
0.368
1.002
0.615
0.668
2.3
0.146
0.005
0.461
1.086
0.246
1.561
3.22
1.675
0.101
0.107
0.794
0.998
1.55
0.319
0.085
0.604
1.24
0.054
0.252
0.82
1.874
0.527
1.832
0.143
1.151
0.758
0.602
0.517
0.472
0.874
0.822
0.929
1.131
0.844
1.496
2.302
1.63
0.479
0.496
0.495
2.86
0.416
0.325
0.248
1.401
0.307
1.444
3.859
0.711
2.258
0.83
0.35
2.504
0.345
0.09
0.125
0.939
4.566
0.0
0.153
0.142
3.955
0.25
0.127
0.354
0.995
0.198
2.511
2.391
0.001
1.36
0.58
0.02
0.15
0.483
2.017
0.709
0.282
1.462
1.135
0.656
6.69
2.311
0.189
1.602
1.044
1.168
0.461
0.183
0.293
0.278
2.772
0.721
0.054
0.422
0.603
0.022
0.457
0.528
0.413
1.06
0.419
0.706
0.609
0.05
0.666
0.548
3.075
0.059
0.948
1.15
0.72
1.594
0.196
0.231
0.126
2.39
0.201
0.032
2.082
0.3
2.68
1.24
0.445
1.7
0.524
1.655
0.433
0.455
0.063
1.037
1.967
0.42
1.363
0.018
0.871
0.58
0.181
0.328
0.174
2.291
0.457
0.792
3.606
0.446
0.642
2.056
0.515
0.187
0.616
0.331
0.455
0.497
2.118
2.239
1.437
0.374
10.756
0.127
2.009
1.796
0.515
0.794
0.331
0.935
0.52
1.423
3.631
0.178
0.321
0.418
3.486
2.51
1.499
1.935
0.319
0.579
0.649
1.507
3.788
1.305
2.004
2.611
0.248
0.832
4.145
0.455
1.877
0.626
2.011
0.75
2.198
0.931
0.561
0.156
0.208
2.821
0.313
3.753
0.0
3.069
2.276
0.753
0.006
0.566
0.244
0.256
3.175
0.97
1.443
2.193
0.091
