1.177
0.719
0.556
1.334
3.461
0.768
0.44
2.596
0.886
4.219
0.971
0.332
0.041
3.242
1.337
3.911
1.758
0.749
2.133
0.135
1.985
0.484
7.318
3.134
0.95
2.554
3.594
0.242
2.353
1.205
4.148
0.896
2.854
1.04
2.856
6.059
7.001
0.689
3.329
2.936
6.84
1.399
0.059
1.014
2.923
2.871
0.14
1.798
0.491
2.377
1.325
1.892
0.184
1.333
0.299
1.039
0.331
2.925
1.496
0.89
0.556
0.053
1.249
0.054
0.55
8.724
1.444
0.129
0.998
0.416
0.017
3.685
0.562
0.582
0.234
0.754
3.459
0.605
0.787
0.645
0.816
0.429
0.317
0.006
1.945
1.909
0.515
1.797
0.686
0.438
0.055
5.251
0.3
1.397
1.627
0.742
0.764
0.481
0.287
0.359
1.064
0.172
1.137
2.141
6.226
4.851
0.21
5.461
1.727
0.748
0.331
2.933
0.286
0.358
0.748
5.345
1.797
1.457
1.603
0.142
0.5
0.747
0.062
0.363
2.577
0.0
0.399
1.51
0.234
0.654
1.51
1.048
1.785
0.237
0.02
0.248
0.247
0.251
0.999
0.363
0.242
1.646
1.105
1.315
0.689
2.047
1.251
0.008
0.0
2.247
1.103
0.701
0.28
3.512
0.601
0.116
2.27
0.251
0.0
0.515
0.5
0.233
0.014
0.237
4.012
0.398
0.323
0.33
0.298
1.059
1.501
0.271
0.822
2.159
0.341
0.499
0.099
0.497
1.752
1.706
0.15
0.608
0.536
0.063
0.043
1.286
0.982
1.13
2.52
0.399
0.22
0.157
0.77
8.429
0.38
1.436
1.451
3.353
1.962
1.528
0.65
3.61
1.014
2.219
0.057
2.503
0.209
0.75
2.129
0.004
2.5
1.275
0.329
0.102
1.664
1.191
2.053
1.523
2.224
2.663
2.342
0.013
1.222
6.028
0.119
0.121
0.551
3.076
6.952
0.627
1.73
2.156
1.838
1.216
2.338
0.547
1.053
2.094
0.075
2.175
0.155
1.448
2.22
1.65
0.89
0.212
1.925
2.804
1.26
2.837
0.125
1.378
0.851
0.252
0.555
1.463
0.925
1.9
2.412
2.993
0.71
0.794
1.117
1.847
1.245
3.369
3.162
0.73
0.117
1.963
0.296
0.708
0.764
0.519
0.715
1.277
1.186
3.088
0.74
0.995
0.907
0.318
1.631
0.11
0.745
0.141
1.71
0.442
0.558
0.058
0.343
1.044
0.363
1.045
2.763
0.238
1.504
0.995
1.486
1.028
0.239
7.077
0.613
2.455
1.434
0.029
3.39
0.766
0.323
0.097
0.658
0.406
1.265
0.25
0.233
1.752
0.83
0.499
0.105
0.612
0.468
1.067
0.484
0.425
0.342
0.167
0.265
1.238
0.248
1.81
0.644
0.034
0.998
0.764
0.084
0.512
0.089
0.527
0.805
0.0
0.253
0.718
0.007
0.273
0.289
2.628
0.907
0.469
0.022
0.751
0.067
3.334
0.278
0.596
0.156
0.57
0.253
0.427
0.253
1.246
0.32
0.712
1.692
0.844
0.997
0.167
0.767
0.317
0.104
0.646
1.507
0.248
0.411
0.586
0.414
0.8
1.284
0.956
0.227
1.318
0.354
1.855
0.223
2.969
0.059
2.224
6.031
0.387
0.904
0.276
0.423
0.0
0.459
2.791
0.048
0.857
2.145
0.912
0.328
2.425
1.339
0.7
1.113
0.709
4.532
0.163
0.335
0.999
1.25
0.858
3.688
0.862
1.198
5.617
4.383
1.321
1.448
1.17
3.308
0.091
0.741
0.138
2.037
0.465
1.835
2.036
3.063
1.61
0.484
2.313
3.25
3.628
0.329
0.532
3.042
2.55
0.326
4.299
0.486
3.095
1.6
4.994
0.802
0.514
1.803
1.525
0.106
1.121
0.752
2.38
2.519
0.043
2.734
2.806
0.046
1.625
0.631
4.056
0.753
0.144
1.532
0.255
1.604
0.08
3.414
1.97
1.656
0.446
0.802
0.188
1.367
0.825
1.872
1.989
0.948
2.824
0.731
2.437
1.262
1.09
1.213
3.032
2.418
0.806
0.276
0.92
1.041
0.039
0.25
0.411
0.755
0.254
1.607
0.723
0.016
0.153
0.729
0.857
0.013
