0.067
5.373
3.201
0.598
1.248
1.901
0.053
0.301
2.002
1.751
0.002
2.418
0.845
0.4
0.999
0.082
2.248
0.037
0.993
1.77
0.949
0.508
0.534
0.373
0.393
0.0
1.469
2.077
1.677
2.533
0.6
2.007
0.008
0.104
0.277
0.367
0.554
0.079
0.118
0.78
0.957
1.066
0.183
0.0
0.286
0.592
0.77
0.2
0.407
0.008
0.74
0.481
0.665
0.207
0.542
0.365
0.137
0.666
0.948
1.237
0.658
0.104
0.63
0.372
0.393
0.252
0.852
2.005
0.626
5.983
0.533
0.501
0.13
0.322
0.654
0.248
0.349
0.43
0.057
2.603
2.937
0.062
0.185
0.024
0.969
0.003
0.457
0.098
0.657
0.534
0.16
0.149
0.044
0.303
1.069
0.182
0.696
0.057
0.449
0.994
0.779
0.471
0.049
0.457
0.45
0.25
0.321
0.5
0.875
0.252
0.153
0.845
0.402
0.45
0.748
0.064
0.19
0.895
0.105
0.162
0.115
0.521
0.01
0.186
0.46
0.072
0.679
0.258
0.084
0.409
0.095
0.201
1.001
0.2
0.799
0.249
0.213
0.25
1.095
0.1
0.092
0.646
0.376
0.284
0.521
0.671
0.049
0.332
0.073
0.318
0.678
0.109
0.74
0.026
0.076
0.346
0.027
0.474
0.653
0.248
0.199
1.255
0.394
0.06
0.366
0.125
0.225
0.275
0.903
0.298
0.702
0.412
0.241
0.751
0.169
0.426
0.75
0.0
1.972
0.197
1.454
0.035
1.019
0.428
0.302
0.451
0.618
0.954
0.277
0.17
0.08
0.018
0.211
0.49
0.332
1.193
0.743
1.029
0.0
0.404
1.084
0.337
0.624
0.264
0.574
0.339
0.572
0.587
0.964
0.436
0.22
1.048
0.013
0.488
0.178
1.1
0.172
0.048
0.455
0.591
0.202
0.206
0.31
0.626
0.643
0.145
0.096
0.257
0.202
0.267
0.237
0.194
0.101
0.481
0.07
0.168
0.26
1.035
0.001
0.132
0.274
0.048
0.201
0.419
0.058
0.335
0.018
0.648
0.812
0.255
0.708
0.473
0.845
1.001
0.0
1.353
0.897
1.658
0.462
0.005
1.001
3.034
1.396
2.207
0.948
0.139
0.643
1.155
1.852
0.81
2.09
0.024
0.225
6.253
0.561
2.255
0.271
2.731
1.767
0.504
2.484
0.641
0.604
2.276
0.975
1.268
0.223
0.696
0.469
0.085
0.008
0.017
1.381
1.247
0.801
0.448
0.374
0.218
0.227
0.054
0.392
0.608
0.235
0.587
1.37
0.38
0.172
0.934
0.739
0.026
0.312
0.878
0.117
0.513
0.682
0.186
0.501
0.155
1.2
0.646
0.686
0.859
0.062
0.252
0.183
0.205
0.156
0.222
0.11
2.056
0.073
0.22
0.148
0.058
0.115
1.033
0.288
0.023
0.513
0.52
0.374
0.252
0.574
0.301
0.45
1.547
0.505
0.126
0.13
1.087
0.782
0.247
0.28
0.606
0.069
1.365
0.136
0.544
1.122
0.762
0.47
0.379
0.769
0.13
0.248
0.329
0.078
0.593
0.623
0.127
0.0
0.906
1.598
1.004
0.499
2.485
0.013
0.249
0.249
0.088
1.002
0.054
3.914
0.459
0.525
4.503
0.159
0.538
0.498
0.964
1.294
0.0
1.246
0.154
1.041
0.556
0.308
0.291
0.154
0.242
1.762
1.244
1.218
0.034
0.546
0.953
0.086
1.749
0.913
0.445
0.21
0.25
0.394
0.501
0.453
2.046
0.395
0.855
1.075
0.724
0.845
0.025
2.232
0.498
0.053
0.203
1.046
0.449
0.925
0.096
0.501
0.78
0.493
0.506
0.098
0.374
0.523
0.012
0.865
0.682
1.069
0.184
0.441
1.253
0.37
0.131
0.096
1.397
0.097
0.379
0.481
0.247
0.992
0.624
0.403
0.629
0.256
0.245
0.122
0.036
0.082
0.631
0.343
0.14
0.018
0.287
0.067
1.951
1.043
0.127
0.804
0.243
0.095
0.516
0.201
0.194
0.605
0.3
0.942
0.058
0.897
1.199
0.353
0.739
1.013
0.052
0.186
0.202
0.042
0.208
0.752
0.048
0.5
0.706
0.043
0.244
0.485
0.522
0.23
1.265
0.574
2.34
0.068
0.488
0.1
0.499
2.002
0.406
0.268
0.719
0.533
0.471
0.508
0.886
0.644
1.623
0.037
0.403
0.339
0.756
0.193
0.104
0.705
0.072
0.496
0.023
0.599
0.499
0.304
0.052
0.074
0.427
0.251
0.039
0.0
0.662
0.324
0.182
0.041
0.548
0.406
0.019
0.527
0.0
0.751
0.22
0.081
0.169
0.066
0.908
0.017
0.038
0.303
0.088
0.029
0.08
0.549
0.161
0.092
0.154
0.189
0.0
0.553
0.761
0.686
0.148
0.101
0.051
0.08
0.474
0.644
0.36
0.258
0.461
0.305
0.43
0.187
0.162
1.344
0.128
0.474
0.951
1.148
1.07
0.255
0.795
0.427
0.139
0.112
0.572
0.236
0.25
0.003
0.463
0.718
0.533
0.736
0.315
1.28
1.142
0.138
0.173
1.546
0.953
0.434
0.122
0.757
0.978
1.272
1.083
1.253
0.0
0.598
0.187
0.054
0.058
0.605
0.164
0.01
0.412
0.661
1.036
0.25
0.214
0.036
0.814
0.067
0.081
0.288
0.25
1.914
0.862
0.539
0.066
1.497
0.009
0.113
0.5
0.658
0.403
0.302
1.25
0.695
0.571
0.437
0.184
1.112
0.344
0.111
0.061
2.256
0.83
0.626
0.245
0.42
2.522
0.1
0.988
1.101
0.312
0.085
0.161
0.284
0.025
1.06
0.93
8.323
0.714
0.97
0.314
1.388
0.001
0.621
1.128
0.114
1.007
0.461
0.439
0.105
0.396
2.308
1.942
0.61
0.088
0.801
0.088
1.141
0.126
0.202
0.036
0.135
0.615
0.908
2.474
0.124
0.402
0.224
3.375
0.001
0.242
0.255
0.155
0.061
0.187
0.159
0.091
1.701
0.772
0.582
0.036
0.006
0.152
0.628
0.247
0.286
0.437
1.25
0.28
0.873
1.767
0.001
0.748
0.557
0.195
0.359
0.392
0.247
1.148
0.339
1.7
0.065
0.323
2.036
0.141
0.055
0.63
0.276
0.25
0.038
0.211
0.041
0.434
0.525
0.041
0.24
0.007
0.241
0.049
0.108
0.923
0.433
0.59
0.653
0.437
0.001
0.056
1.122
0.248
0.82
1.153
0.022
0.137
0.044
0.422
1.002
0.836
0.059
0.607
0.717
0.529
0.288
0.248
0.214
0.248
0.001
0.332
0.454
0.252
0.213
0.134
0.087
0.253
0.423
0.074
0.5
0.066
0.11
0.159
0.343
0.072
0.258
0.602
0.252
0.45
0.943
0.064
0.107
0.604
0.225
0.059
0.214
0.036
0.252
1.769
0.574
0.409
1.244
0.252
0.254
0.108
0.183
0.252
0.497
0.789
0.03
0.325
0.314
0.213
0.579
0.446
0.015
0.708
0.807
1.342
0.542
0.064
2.175
1.945
0.525
0.932
1.927
0.576
0.318
0.038
0.395
1.285
0.186
1.426
0.11
0.095
0.604
0.567
2.442
1.555
1.498
1.512
0.884
0.128
0.428
0.294
0.895
0.259
0.117
0.059
1.459
0.225
0.737
0.001
0.501
0.078
0.171
0.629
0.023
0.856
0.22
0.058
